{
    "aabb_scale": 16,
    "auto_scale_poses_override": false,
    "cx": 961.939697265625,
    "cy": 723.247802734375,
    "fl_x": 1442.4757080078125,
    "fl_y": 1442.4757080078125,
    "frames": [
        {
            "camera_angular_velocity": [
                -0.017370431551453916,
                0.04991940313611977,
                0.08263325516771555
            ],
            "camera_linear_velocity": [
                -6.092571986821924e-07,
                0.06358438689418891,
                0.07254001434051767
            ],
            "depth_file_path": "./images\\depth_00001.png",
            "file_path": "images/frame_00001.jpg",
            "motion_blur_score": 112.53051024568485,
            "transform_matrix": [
                [
                    0.04682562647003938,
                    0.9985399209768703,
                    0.02693300802350601,
                    0.033931740765565224
                ],
                [
                    -0.6722430600651109,
                    0.05144444475942481,
                    -0.7385409516727494,
                    -0.026029594209996707
                ],
                [
                    -0.73884817716496,
                    0.016477115005375742,
                    0.6736704504289286,
                    0.02169323948989041
                ],
                [
                    0.0,
                    0.0,
                    0.0,
                    1.0
                ]
            ]
        },
        {
            "camera_angular_velocity": [
                -0.0011796560867421723,
                -0.045701668901783635,
                0.08802996248085464
            ],
            "camera_linear_velocity": [
                -0.02637553450052137,
                0.12175086203568564,
                0.00940364596959545
            ],
            "depth_file_path": "./images\\depth_00002.png",
            "file_path": "images/frame_00002.jpg",
            "motion_blur_score": 130.54441720520802,
            "transform_matrix": [
                [
                    0.09021584797457617,
                    0.9954133611619052,
                    0.031833020506806475,
                    0.0727813773605301
                ],
                [
                    -0.6956734382202632,
                    0.08585816101572318,
                    -0.7132088358551063,
                    -0.0430384765316695
                ],
                [
                    -0.7126707291091912,
                    0.042197353084722555,
                    0.7002284022114622,
                    0.06235026850682255
                ],
                [
                    0.0,
                    0.0,
                    0.0,
                    1.0
                ]
            ]
        },
        {
            "camera_angular_velocity": [
                -0.17622139902796957,
                -0.05905928937106784,
                0.23971677760182436
            ],
            "camera_linear_velocity": [
                -0.0038438432505623205,
                0.1960159091403817,
                -0.11327707594057469
            ],
            "depth_file_path": "./images\\depth_00003.png",
            "file_path": "images/frame_00003.jpg",
            "motion_blur_score": 199.75372549154056,
            "transform_matrix": [
                [
                    0.13403754497697679,
                    0.9886802658821827,
                    0.06741860567886387,
                    0.11996251246716932
                ],
                [
                    -0.7042176483625247,
                    0.14289578450861135,
                    -0.6954554611939032,
                    -0.019774883546464346
                ],
                [
                    -0.697216924831362,
                    0.045739770712212025,
                    0.7153994919650795,
                    0.0537809553825795
                ],
                [
                    0.0,
                    0.0,
                    0.0,
                    1.0
                ]
            ]
        },
        {
            "camera_angular_velocity": [
                -0.13181655313620433,
                -0.040130496161926536,
                0.04429741635574717
            ],
            "camera_linear_velocity": [
                -0.01943498129790954,
                0.25107911203785277,
                0.06750581570440008
            ],
            "depth_file_path": "./images\\depth_00005.png",
            "file_path": "images/frame_00005.jpg",
            "motion_blur_score": 118.59155725644361,
            "transform_matrix": [
                [
                    0.2578885692397873,
                    0.9476794518920152,
                    0.1881412828623894,
                    0.25089311166732076
                ],
                [
                    -0.6660641618539392,
                    0.31544111436747624,
                    -0.6759108193100734,
                    0.03593512196046543
                ],
                [
                    -0.6998942906962917,
                    0.048995508245704866,
                    0.7125639774942881,
                    0.06314341359690633
                ],
                [
                    0.0,
                    0.0,
                    0.0,
                    1.0
                ]
            ]
        },
        {
            "camera_angular_velocity": [
                -0.1528428124491597,
                0.025926165347484043,
                0.1152893432036396
            ],
            "camera_linear_velocity": [
                0.11088279339716903,
                0.2707428368526627,
                0.039230300156544995
            ],
            "depth_file_path": "./images\\depth_00006.png",
            "file_path": "images/frame_00006.jpg",
            "motion_blur_score": 160.7437784651959,
            "transform_matrix": [
                [
                    0.31174153230559076,
                    0.9224012697263858,
                    0.2280199873759171,
                    0.3762978924844746
                ],
                [
                    -0.672271212409563,
                    0.38371015142209053,
                    -0.6331018375119539,
                    0.04607369643036891
                ],
                [
                    -0.6714675226704107,
                    0.044072863564640574,
                    0.7397222104926107,
                    0.07341085352506425
                ],
                [
                    0.0,
                    0.0,
                    0.0,
                    1.0
                ]
            ]
        },
        {
            "camera_angular_velocity": [
                -0.18282680527714523,
                0.10081577166789916,
                0.20104120371752257
            ],
            "camera_linear_velocity": [
                0.08142621821641739,
                0.253473119172875,
                0.11799128728334196
            ],
            "depth_file_path": "./images\\depth_00007.png",
            "file_path": "images/frame_00007.jpg",
            "motion_blur_score": 195.6262213205627,
            "transform_matrix": [
                [
                    0.33807487103201894,
                    0.8961137582470234,
                    0.28755088916064786,
                    0.4549052263003922
                ],
                [
                    -0.634947526694022,
                    0.4427076704657622,
                    -0.6331283889195953,
                    0.0447384226968703
                ],
                [
                    -0.6946560443282908,
                    0.03146507255948189,
                    0.7186535530330302,
                    0.07469719808640278
                ],
                [
                    0.0,
                    0.0,
                    0.0,
                    1.0
                ]
            ]
        },
        {
            "camera_angular_velocity": [
                -0.04734625418384127,
                0.0038144465953688913,
                0.19642550532820977
            ],
            "camera_linear_velocity": [
                0.0030530092374090444,
                0.10435216576572913,
                0.018928808466427634
            ],
            "depth_file_path": "./images\\depth_00008.png",
            "file_path": "images/frame_00008.jpg",
            "motion_blur_score": 150.0534953413696,
            "transform_matrix": [
                [
                    0.4316969255378027,
                    0.8268889605793308,
                    0.3604058980555723,
                    0.5829070512636104
                ],
                [
                    -0.5579217901016178,
                    0.5587317273497872,
                    -0.6136302901442612,
                    0.05965374297043804
                ],
                [
                    -0.7087743227650222,
                    0.06382400586580123,
                    0.7025421379990149,
                    0.11218981309071206
                ],
                [
                    0.0,
                    0.0,
                    0.0,
                    1.0
                ]
            ]
        },
        {
            "camera_angular_velocity": [
                -0.1296323103706209,
                0.008913722708054144,
                0.13413515626172154
            ],
            "camera_linear_velocity": [
                -0.026571976661606343,
                0.23918207322300578,
                -0.14170722182265752
            ],
            "depth_file_path": "./images\\depth_00009.png",
            "file_path": "images/frame_00009.jpg",
            "motion_blur_score": 157.42374570185342,
            "transform_matrix": [
                [
                    0.507140720875408,
                    0.7459755631734877,
                    0.4316581383200946,
                    0.6356232707929526
                ],
                [
                    -0.48077843645780827,
                    0.6605371362053576,
                    -0.5766652293409154,
                    0.16515254253744208
                ],
                [
                    -0.715304399725849,
                    0.08491849528591083,
                    0.6936342443184449,
                    0.0843592730857466
                ],
                [
                    0.0,
                    0.0,
                    0.0,
                    1.0
                ]
            ]
        },
        {
            "camera_angular_velocity": [
                -0.03975947050518251,
                0.09954810993312097,
                0.08087741281637231
            ],
            "camera_linear_velocity": [
                -0.08338024090753322,
                0.20078167278132394,
                -0.08863211613293301
            ],
            "depth_file_path": "./images\\depth_00010.png",
            "file_path": "images/frame_00010.jpg",
            "motion_blur_score": 299.13768899251596,
            "transform_matrix": [
                [
                    0.5324837362874424,
                    0.7212140117052626,
                    0.4430704457638394,
                    0.658948033238321
                ],
                [
                    -0.471058480013425,
                    0.6873974308066364,
                    -0.5528007602453868,
                    0.22993794152984173
                ],
                [
                    -0.7032531400547086,
                    0.08564532351761733,
                    0.7057619283885717,
                    0.08235273303072126
                ],
                [
                    0.0,
                    0.0,
                    0.0,
                    1.0
                ]
            ]
        },
        {
            "camera_angular_velocity": [
                -0.22811071245874845,
                -0.15658071318938613,
                0.200141766182838
            ],
            "camera_linear_velocity": [
                -0.01340164935757793,
                0.28703094500538273,
                0.0014788614644316018
            ],
            "depth_file_path": "./images\\depth_00012.png",
            "file_path": "images/frame_00012.jpg",
            "motion_blur_score": 276.6837622956351,
            "transform_matrix": [
                [
                    0.6221798018418571,
                    0.5341029488722931,
                    0.572386525161056,
                    0.7791412540791611
                ],
                [
                    -0.36367460973011473,
                    0.8446417990187957,
                    -0.3928371285761334,
                    0.4565946685173784
                ],
                [
                    -0.6932770531451884,
                    0.03625288066089927,
                    0.7197587486276985,
                    0.070073954662441
                ],
                [
                    0.0,
                    0.0,
                    0.0,
                    1.0
                ]
            ]
        },
        {
            "camera_angular_velocity": [
                -0.13410919090650375,
                -0.007052410979776408,
                0.16682794134549356
            ],
            "camera_linear_velocity": [
                -0.004245623493452941,
                0.23691260175029022,
                0.052879980089632315
            ],
            "depth_file_path": "./images\\depth_00013.png",
            "file_path": "images/frame_00013.jpg",
            "motion_blur_score": 170.67238621490574,
            "transform_matrix": [
                [
                    0.6461010262922138,
                    0.4690648496962504,
                    0.6021059961531546,
                    0.8151548720413616
                ],
                [
                    -0.3253760212054323,
                    0.8828672046663537,
                    -0.33863836721367097,
                    0.5068795716104905
                ],
                [
                    -0.6904229925550501,
                    0.022883743226425612,
                    0.723043861496159,
                    0.07552938007433559
                ],
                [
                    0.0,
                    0.0,
                    0.0,
                    1.0
                ]
            ]
        },
        {
            "camera_angular_velocity": [
                -0.1628335773500507,
                -0.04162118552150456,
                0.14142024361280325
            ],
            "camera_linear_velocity": [
                -0.02969319394781203,
                0.21107073111366928,
                -0.09253039922253768
            ],
            "depth_file_path": "./images\\depth_00014.png",
            "file_path": "images/frame_00014.jpg",
            "motion_blur_score": 133.76307518460757,
            "transform_matrix": [
                [
                    0.682400033340396,
                    0.37180838990920445,
                    0.6293557941976478,
                    0.8632713144954723
                ],
                [
                    -0.2523304943593249,
                    0.9278701202429874,
                    -0.274565769127623,
                    0.6275168988054114
                ],
                [
                    -0.686046292981316,
                    0.028558031329023348,
                    0.7269971958221059,
                    0.08001599520943244
                ],
                [
                    0.0,
                    0.0,
                    0.0,
                    1.0
                ]
            ]
        },
        {
            "camera_angular_velocity": [
                -0.24336378311268572,
                -0.11048335144543354,
                0.1321274447021452
            ],
            "camera_linear_velocity": [
                -0.059613012290660204,
                0.1634643175497866,
                -0.08973556296799198
            ],
            "depth_file_path": "./images\\depth_00015.png",
            "file_path": "images/frame_00015.jpg",
            "motion_blur_score": 174.68787567343338,
            "transform_matrix": [
                [
                    0.7142462771755359,
                    0.2978393579789546,
                    0.6333592759086837,
                    0.8517508961587105
                ],
                [
                    -0.21429921080667852,
                    0.9545371687494376,
                    -0.20720676080534334,
                    0.7065327908705862
                ],
                [
                    -0.666279298634231,
                    0.012268264526497999,
                    0.7456013585670197,
                    0.06756241953931344
                ],
                [
                    0.0,
                    0.0,
                    0.0,
                    1.0
                ]
            ]
        },
        {
            "camera_angular_velocity": [
                -0.07471000817413792,
                0.09382089644799883,
                0.07888184152342657
            ],
            "camera_linear_velocity": [
                -0.048654602684603726,
                0.07863333197775738,
                -0.014943355086485055
            ],
            "depth_file_path": "./images\\depth_00016.png",
            "file_path": "images/frame_00016.jpg",
            "motion_blur_score": 200.58123959916955,
            "transform_matrix": [
                [
                    0.7111399179604313,
                    0.23956638220362192,
                    0.660975011328794,
                    0.8273629778361301
                ],
                [
                    -0.17067374822551484,
                    0.970855885830677,
                    -0.16825373878337904,
                    0.7723002934844704
                ],
                [
                    -0.6820194196281253,
                    0.006840867328060607,
                    0.7313020674005478,
                    0.07379131744552894
                ],
                [
                    0.0,
                    0.0,
                    0.0,
                    1.0
                ]
            ]
        },
        {
            "camera_angular_velocity": [
                -0.2958976478564019,
                -0.12770893921605447,
                0.16320542323262602
            ],
            "camera_linear_velocity": [
                -0.03193157816117753,
                0.30903392067483015,
                -0.058246311381151085
            ],
            "depth_file_path": "./images\\depth_00017.png",
            "file_path": "images/frame_00017.jpg",
            "motion_blur_score": 218.3597326755556,
            "transform_matrix": [
                [
                    0.7485488763564363,
                    0.10821126272857627,
                    0.6541902646204725,
                    0.8177298899112949
                ],
                [
                    -0.10181024846576857,
                    0.9936515445712839,
                    -0.047867329969829384,
                    0.9056362248073011
                ],
                [
                    -0.6552169511031101,
                    -0.03077223732179865,
                    0.7548137627238627,
                    0.05938327172500747
                ],
                [
                    0.0,
                    0.0,
                    0.0,
                    1.0
                ]
            ]
        },
        {
            "camera_angular_velocity": [
                -0.2414638342530632,
                0.08037512089050411,
                0.1673852396226074
            ],
            "camera_linear_velocity": [
                -0.07138863611085883,
                0.26037065171520857,
                0.015391863913898537
            ],
            "depth_file_path": "./images\\depth_00019.png",
            "file_path": "images/frame_00019.jpg",
            "motion_blur_score": 234.92996890848724,
            "transform_matrix": [
                [
                    0.7652632707056204,
                    -0.04283484208960896,
                    0.6422906684765819,
                    0.7987925185487738
                ],
                [
                    0.0027732201764256656,
                    0.9979936860643854,
                    0.06325276140591736,
                    1.0529744698131136
                ],
                [
                    -0.6437114538042563,
                    -0.04662380163370538,
                    0.7638467027895268,
                    0.06395144275615214
                ],
                [
                    0.0,
                    0.0,
                    0.0,
                    1.0
                ]
            ]
        },
        {
            "camera_angular_velocity": [
                -0.08887207233516624,
                0.04861050857795209,
                0.15811350549115522
            ],
            "camera_linear_velocity": [
                -0.03257164155334451,
                0.22995651906116818,
                -0.06855112795298285
            ],
            "depth_file_path": "./images\\depth_00020.png",
            "file_path": "images/frame_00020.jpg",
            "motion_blur_score": 212.97434804326375,
            "transform_matrix": [
                [
                    0.747126907078631,
                    -0.19052971067140145,
                    0.6367886730074512,
                    0.7548758637872119
                ],
                [
                    0.10306785419625092,
                    0.9796568017481657,
                    0.17219049979582352,
                    1.1707709246824516
                ],
                [
                    -0.6566417608944004,
                    -0.06301571343742121,
                    0.7515654447281845,
                    0.07027239233395464
                ],
                [
                    0.0,
                    0.0,
                    0.0,
                    1.0
                ]
            ]
        },
        {
            "camera_angular_velocity": [
                -0.23865927475067378,
                -0.03540666809185285,
                0.17197548488343853
            ],
            "camera_linear_velocity": [
                -0.03795725262039244,
                0.24779651566107175,
                -0.024568005539618527
            ],
            "depth_file_path": "./images\\depth_00021.png",
            "file_path": "images/frame_00021.jpg",
            "motion_blur_score": 141.45545569066007,
            "transform_matrix": [
                [
                    0.7418072729181266,
                    -0.263577085952142,
                    0.616643405548741,
                    0.7162170313399292
                ],
                [
                    0.1619657125937826,
                    0.9627174461337484,
                    0.21666154908912982,
                    1.242458030388148
                ],
                [
                    -0.6507603843118911,
                    -0.06084602428006551,
                    0.7568412538568108,
                    0.05966217306748392
                ],
                [
                    0.0,
                    0.0,
                    0.0,
                    1.0
                ]
            ]
        },
        {
            "camera_angular_velocity": [
                -0.25765295493423207,
                0.06970502429727246,
                0.19245521901906684
            ],
            "camera_linear_velocity": [
                -0.06429854725094619,
                0.20012165283694133,
                -0.0197826081901204
            ],
            "depth_file_path": "./images\\depth_00022.png",
            "file_path": "images/frame_00022.jpg",
            "motion_blur_score": 236.60934982057557,
            "transform_matrix": [
                [
                    0.7350818636717077,
                    -0.33995209213593025,
                    0.5865894891261972,
                    0.6820553680912247
                ],
                [
                    0.201146284142509,
                    0.9356020618584265,
                    0.29015332881413286,
                    1.2990418783323214
                ],
                [
                    -0.6474525666615202,
                    -0.0952961536404553,
                    0.7561242074055986,
                    0.06312369404230236
                ],
                [
                    0.0,
                    0.0,
                    0.0,
                    1.0
                ]
            ]
        },
        {
            "camera_angular_velocity": [
                -0.16199977262022225,
                -0.07204250334562204,
                0.18816932656947657
            ],
            "camera_linear_velocity": [
                -0.00130570096322774,
                0.07438727706381945,
                -0.01986295752070404
            ],
            "depth_file_path": "./images\\depth_00023.png",
            "file_path": "images/frame_00023.jpg",
            "motion_blur_score": 195.93753863422108,
            "transform_matrix": [
                [
                    0.7125590292679341,
                    -0.4216974082438161,
                    0.560741407146991,
                    0.651760463256993
                ],
                [
                    0.25866980767268466,
                    0.9008156781276021,
                    0.34874208899713377,
                    1.343885094536186
                ],
                [
                    -0.6521882860089682,
                    -0.1034524524598464,
                    0.7509647326424375,
                    0.05405757719988362
                ],
                [
                    0.0,
                    0.0,
                    0.0,
                    1.0
                ]
            ]
        },
        {
            "camera_angular_velocity": [
                -0.23131890816139877,
                -0.011372255159640857,
                0.3185647489271685
            ],
            "camera_linear_velocity": [
                0.018365123791006566,
                0.26338896659049094,
                0.06984662330134457
            ],
            "depth_file_path": "./images\\depth_00024.png",
            "file_path": "images/frame_00024.jpg",
            "motion_blur_score": 220.10481019415093,
            "transform_matrix": [
                [
                    0.6266877839004336,
                    -0.6137940985621614,
                    0.48012417777094624,
                    0.5841585145435472
                ],
                [
                    0.4047247021097862,
                    0.7828716185506267,
                    0.47255681602328725,
                    1.4635451079521098
                ],
                [
                    -0.6659281770672483,
                    -0.10182746897662662,
                    0.7390337134053534,
                    0.03964806471049351
                ],
                [
                    0.0,
                    0.0,
                    0.0,
                    1.0
                ]
            ]
        },
        {
            "camera_angular_velocity": [
                -0.040718015762453666,
                0.03295967068558792,
                0.07824297138563319
            ],
            "camera_linear_velocity": [
                0.013705394518313395,
                0.2350144133461165,
                0.07950435798442314
            ],
            "depth_file_path": "./images\\depth_00026.png",
            "file_path": "images/frame_00026.jpg",
            "motion_blur_score": 218.90819523596963,
            "transform_matrix": [
                [
                    0.5329278517649638,
                    -0.7327791853791727,
                    0.42311058872145524,
                    0.5135835184080957
                ],
                [
                    0.5089073851675998,
                    0.6770622112771973,
                    0.5316013876790655,
                    1.625909878750496
                ],
                [
                    -0.6760186226244487,
                    -0.0679810821881186,
                    0.7337420489037516,
                    0.06446162352691019
                ],
                [
                    0.0,
                    0.0,
                    0.0,
                    1.0
                ]
            ]
        },
        {
            "camera_angular_velocity": [
                -0.33915648015247973,
                -0.03162337910330971,
                0.3172434893582291
            ],
            "camera_linear_velocity": [
                -0.03902595061074765,
                0.27409267087514944,
                -0.07617877667219485
            ],
            "depth_file_path": "./images\\depth_00027.png",
            "file_path": "images/frame_00027.jpg",
            "motion_blur_score": 258.6773498721638,
            "transform_matrix": [
                [
                    0.43800862286594217,
                    -0.8308064775731779,
                    0.3433788623627402,
                    0.38455132727297464
                ],
                [
                    0.5962009395939808,
                    0.5543430720295422,
                    0.5807307449413234,
                    1.7140566553430079
                ],
                [
                    -0.6728245580553193,
                    -0.04964227347028394,
                    0.7381346481248298,
                    0.05250320573659578
                ],
                [
                    0.0,
                    0.0,
                    0.0,
                    1.0
                ]
            ]
        },
        {
            "camera_angular_velocity": [
                -0.1495171141248402,
                -0.06460060729916536,
                0.20742550662833073
            ],
            "camera_linear_velocity": [
                0.055411285040845686,
                0.14033471390070723,
                0.013690084290002192
            ],
            "depth_file_path": "./images\\depth_00028.png",
            "file_path": "images/frame_00028.jpg",
            "motion_blur_score": 229.10231836201132,
            "transform_matrix": [
                [
                    0.3814326773810434,
                    -0.8793293096732007,
                    0.28511239498762736,
                    0.268283899620792
                ],
                [
                    0.647659397388493,
                    0.47428719342705655,
                    0.5963128064409312,
                    1.7661511350205172
                ],
                [
                    -0.6595804860669412,
                    -0.04279746839169152,
                    0.7504145248454079,
                    0.04761250307952075
                ],
                [
                    0.0,
                    0.0,
                    0.0,
                    1.0
                ]
            ]
        },
        {
            "camera_angular_velocity": [
                -0.16456972625105842,
                0.00961524542497235,
                0.26325444257890157
            ],
            "camera_linear_velocity": [
                0.050061986535163513,
                0.2296137078175524,
                0.05609402639266157
            ],
            "depth_file_path": "./images\\depth_00029.png",
            "file_path": "images/frame_00029.jpg",
            "motion_blur_score": 208.2693287525456,
            "transform_matrix": [
                [
                    0.30161700576146555,
                    -0.9198632813879618,
                    0.2507563067794296,
                    0.21982680377074926
                ],
                [
                    0.668792051746458,
                    0.3915694948679106,
                    0.6319735138513737,
                    1.8164748971190119
                ],
                [
                    -0.6795177505821692,
                    -0.022910134069024424,
                    0.733301269875273,
                    0.041067104862393365
                ],
                [
                    0.0,
                    0.0,
                    0.0,
                    1.0
                ]
            ]
        },
        {
            "camera_angular_velocity": [
                -0.17713716810471777,
                0.11475119600502598,
                0.2820322189602309
            ],
            "camera_linear_velocity": [
                0.01707082374763015,
                0.20711473049836032,
                0.07988863876607473
            ],
            "depth_file_path": "./images\\depth_00030.png",
            "file_path": "images/frame_00030.jpg",
            "motion_blur_score": 218.51274961845192,
            "transform_matrix": [
                [
                    0.23593151029476295,
                    -0.9519686483010733,
                    0.19517175795145186,
                    0.16053205578275725
                ],
                [
                    0.7101320633100433,
                    0.3059976649367215,
                    0.6340961139388057,
                    1.8576313326223017
                ],
                [
                    -0.6633617226740274,
                    -0.011005530659709606,
                    0.7482179516597054,
                    0.050714843345042684
                ],
                [
                    0.0,
                    0.0,
                    0.0,
                    1.0
                ]
            ]
        },
        {
            "camera_angular_velocity": [
                -0.1654405370518832,
                0.1063314607906761,
                0.22035994406927123
            ],
            "camera_linear_velocity": [
                -0.0074769574296145724,
                0.13814765487788808,
                0.05136828673664528
            ],
            "depth_file_path": "./images\\depth_00031.png",
            "file_path": "images/frame_00031.jpg",
            "motion_blur_score": 216.0569864395523,
            "transform_matrix": [
                [
                    0.16776567899072173,
                    -0.9765679452195308,
                    0.1347951235115174,
                    0.11935116678914541
                ],
                [
                    0.6998913435513419,
                    0.21428123947296077,
                    0.6813484113372753,
                    1.8857853452673634
                ],
                [
                    -0.6942670841791936,
                    -0.019964938758602613,
                    0.7194404888840255,
                    0.0618467634136993
                ],
                [
                    0.0,
                    0.0,
                    0.0,
                    1.0
                ]
            ]
        },
        {
            "camera_angular_velocity": [
                -0.1644346763292712,
                0.013098089769175363,
                0.09836801908698087
            ],
            "camera_linear_velocity": [
                0.010267911455976157,
                0.17972998289379,
                0.021641195318219182
            ],
            "depth_file_path": "./images\\depth_00033.png",
            "file_path": "images/frame_00033.jpg",
            "motion_blur_score": 121.4125635000011,
            "transform_matrix": [
                [
                    -0.02635102189563933,
                    -0.988915099146771,
                    -0.1461251187325016,
                    -0.13967309392905172
                ],
                [
                    0.6282527629876309,
                    -0.13008339100293004,
                    0.767057218976255,
                    1.8071022976013136
                ],
                [
                    -0.7775629167105793,
                    -0.07159076801313824,
                    0.6247164736837231,
                    0.05826457092421217
                ],
                [
                    0.0,
                    0.0,
                    0.0,
                    1.0
                ]
            ]
        },
        {
            "camera_angular_velocity": [
                -0.2295948778137781,
                0.09948605185035887,
                0.12522475000872937
            ],
            "camera_linear_velocity": [
                0.06760606873353063,
                0.24052498406255632,
                -0.030064231487964596
            ],
            "depth_file_path": "./images\\depth_00034.png",
            "file_path": "images/frame_00034.jpg",
            "motion_blur_score": 154.76450971221658,
            "transform_matrix": [
                [
                    -0.049055108702618797,
                    -0.9736386065818409,
                    -0.22275874861281209,
                    -0.1971087142937224
                ],
                [
                    0.6025201314967875,
                    -0.2067234295445084,
                    0.7708663404368172,
                    1.8007791806096867
                ],
                [
                    -0.7965946820380291,
                    -0.09640169838093332,
                    0.5967777015757235,
                    0.04252570802488859
                ],
                [
                    0.0,
                    0.0,
                    0.0,
                    1.0
                ]
            ]
        },
        {
            "camera_angular_velocity": [
                -0.3172473663116164,
                0.10093374528178603,
                0.2401365335075176
            ],
            "camera_linear_velocity": [
                -0.008381647071717341,
                0.30019240996515345,
                0.05940100505612591
            ],
            "depth_file_path": "./images\\depth_00035.png",
            "file_path": "images/frame_00035.jpg",
            "motion_blur_score": 266.9734723527363,
            "transform_matrix": [
                [
                    -0.09000226324573535,
                    -0.9466534273725311,
                    -0.3094299291511503,
                    -0.26766940083811086
                ],
                [
                    0.5821484549073697,
                    -0.30209262801321757,
                    0.7548796066585919,
                    1.7912771385274646
                ],
                [
